样例1:
背包最大承重: 100
物品件数： 5
每件物品的重量： [77, 22, 29, 50, 99]
每件物品的价值： [92, 22, 87, 46, 90]
收敛曲线存储文件名： result1.png
装入背包的最大价值： 133
装入背包最大价值时的最优物品组合： [0 0 1 1 0]
测试用时：49.213421
样例2:
背包最大承重: 200
物品件数： 8
每件物品的重量： [79, 58, 86, 11, 28, 62, 15, 68]
每件物品的价值： [83, 14, 54, 79, 72, 52, 48, 62]
收敛曲线存储文件名： result2.png
装入背包的最大价值： 334
装入背包最大价值时的最优物品组合： [1 0 0 1 1 1 1 0]
测试用时：54.970972
样例3:
背包最大承重: 1000
物品件数： 100
每件物品的重量： [71, 34, 82, 23, 1, 88, 12, 57, 10, 68, 5, 33, 37, 69, 98, 24, 26, 83, 16, 26, 18, 43, 52, 71, 22, 65, 68, 8, 40, 40, 24, 72, 16, 34, 10, 19, 28, 13, 34, 98, 29, 31, 79, 33, 60, 74, 44, 56, 54, 17, 63, 83, 100, 54, 10, 5, 79, 42, 65, 93, 52, 64, 85, 68, 54, 62, 29, 40, 35, 90, 47, 77, 87, 75, 39, 18, 38, 25, 61, 13, 36, 53, 46, 28, 44, 34, 39, 69, 42, 97, 34, 83, 8, 74, 38, 74, 22, 40, 7, 94]
每件物品的价值： [26, 59, 30, 19, 66, 85, 94, 8, 3, 44, 5, 1, 41, 82, 76, 1, 12, 81, 73, 32, 74, 54, 62, 41, 19, 10, 65, 53, 56, 53, 70, 66, 58, 22, 72, 33, 96, 88, 68, 45, 44, 61, 78, 78, 6, 66, 11, 59, 83, 48, 52, 7, 51, 37, 89, 72, 23, 52, 55, 44, 57, 45, 11, 90, 31, 38, 48, 75, 56, 64, 73, 66, 35, 50, 16, 51, 33, 58, 85, 77, 71, 87, 69, 52, 10, 13, 39, 75, 38, 13, 90, 35, 83, 93, 61, 62, 95, 73, 26, 85]
收敛曲线存储文件名： result3.png
装入背包的最大价值： 2507
装入背包最大价值时的最优物品组合： [0 1 0 0 1 0 1 0 0 0 1 0 0 0 0 0 0 0 1 1 1 1 1 0 0 0 0 1 0 0 1 0 1 0 1 1 1
 1 1 0 0 1 0 1 0 0 0 0 1 0 0 0 0 0 1 1 0 0 0 0 0 0 0 1 0 0 0 1 1 0 0 0 0 0
 0 1 0 1 0 1 0 1 0 1 0 0 0 0 0 0 1 0 1 1 1 0 1 1 1 0]
测试用时：255.751935
样例4:
背包最大承重: 1000
物品件数： 100
每件物品的重量： [3, 68, 24, 80, 76, 9, 24, 2, 46, 75, 56, 41, 95, 46, 23, 34, 64, 76, 6, 48, 25, 73, 87, 67, 58, 7, 93, 66, 55, 75, 38, 27, 53, 6, 100, 36, 26, 17, 53, 88, 21, 9, 34, 90, 32, 47, 4, 6, 57, 50, 30, 25, 41, 24, 12, 74, 92, 17, 32, 96, 35, 76, 52, 93, 64, 55, 1, 70, 26, 35, 2, 97, 82, 22, 41, 37, 63, 28, 90, 13, 18, 55, 28, 58, 59, 74, 71, 32, 71, 66, 4, 5, 48, 52, 70, 62, 28, 36, 39, 48]
每件物品的价值： [38, 16, 29, 47, 22, 25, 17, 49, 15, 15, 75, 11, 56, 99, 51, 92, 59, 37, 13, 98, 61, 50, 32, 17, 44, 79, 41, 53, 45, 29, 62, 64, 2, 23, 31, 45, 57, 68, 57, 26, 51, 26, 86, 83, 94, 20, 98, 24, 91, 89, 1, 63, 21, 46, 74, 56, 64, 72, 58, 8, 74, 24, 27, 35, 94, 49, 65, 21, 16, 25, 1, 45, 63, 4, 37, 25, 39, 68, 49, 11, 31, 95, 5, 79, 20, 21, 52, 50, 8, 19, 67, 21, 24, 89, 28, 88, 38, 96, 64, 84]
收敛曲线存储文件名： result4.png
装入背包的最大价值： 2497
装入背包最大价值时的最优物品组合： [1 0 0 0 0 1 0 1 0 0 0 0 0 1 0 1 0 0 1 1 1 0 0 0 0 1 0 0 0 0 1 1 0 1 0 0 1
 1 0 0 0 1 1 0 1 0 1 1 1 1 0 1 0 1 1 0 0 1 0 0 1 0 0 0 1 0 1 0 0 0 1 0 0 0
 0 0 0 1 0 0 0 1 0 0 0 0 0 0 0 0 1 1 0 1 0 1 0 1 1 1]
测试用时：250.356043
样例5:
背包最大承重: 1000
物品件数： 100
每件物品的重量： [19, 53, 61, 74, 98, 70, 15, 59, 64, 29, 98, 79, 74, 85, 52, 70, 84, 91, 84, 75, 78, 72, 5, 46, 26, 95, 38, 79, 28, 92, 12, 37, 37, 58, 94, 44, 25, 3, 12, 67, 2, 98, 12, 2, 34, 68, 68, 81, 92, 16, 63, 47, 96, 9, 32, 24, 15, 4, 97, 80, 76, 15, 69, 22, 85, 68, 70, 85, 71, 24, 64, 22, 13, 28, 76, 13, 93, 95, 70, 80, 43, 6, 36, 91, 17, 94, 21, 30, 69, 34, 39, 33, 18, 75, 36, 7, 15, 34, 89, 59]
每件物品的价值： [12, 61, 63, 78, 49, 46, 44, 36, 37, 66, 43, 16, 14, 73, 72, 72, 83, 15, 83, 65, 21, 49, 36, 20, 22, 80, 94, 3, 73, 1, 91, 62, 8, 58, 79, 67, 53, 8, 85, 82, 70, 43, 22, 53, 22, 14, 41, 41, 77, 75, 91, 7, 39, 67, 33, 65, 34, 16, 93, 58, 67, 13, 69, 41, 42, 70, 40, 11, 31, 90, 31, 84, 61, 15, 13, 46, 10, 57, 31, 94, 77, 67, 57, 9, 75, 24, 75, 56, 27, 72, 5, 81, 79, 53, 96, 67, 60, 42, 82, 34]
收敛曲线存储文件名： result5.png
装入背包的最大价值： 2491
装入背包最大价值时的最优物品组合： [0 0 0 1 0 0 1 0 0 1 0 0 0 1 1 0 0 0 1 0 0 0 1 0 0 0 1 0 1 0 1 0 0 0 0 1 1
 1 1 1 1 0 1 1 0 0 0 0 0 1 0 0 0 1 0 1 1 1 0 0 0 1 0 1 0 0 0 0 0 1 0 1 1 0
 0 1 0 0 0 0 1 1 0 0 1 0 1 0 0 1 0 1 1 0 1 1 1 0 0 0]
测试用时：268.650300
